ids	Sample	Size	Depth	Biome	Region	Latitude	Longitude	Depth.nominal	Depth.Mixed.Layer	Temperature	Salinity	PO4	NO2NO3	Si	ChlorophyllA	TARA_208_SRF_0.22-3_G_scaffold180075_1_gene217350	TARA_067_SRF_lt-0.22_G_scaffold77676_1_gene65551	TARA_208_SRF_0.22-3_G_scaffold190124_1_gene237696	TARA_151_DCM_0.22-3_G_scaffold175905_1_gene147338	TARA_067_SRF_0.22-3_G_scaffold35176_1_gene41262	TARA_082_DCM_0.22-3_G_scaffold78618_1_gene75306	TARA_066_DCM_lt-0.22_G_C3726495_1_gene127366	TARA_066_SRF_0.22-3_G_scaffold153372_1_gene123470	TARA_078_SRF_0.22-0.45_G_scaffold145770_1_gene96930	TARA_149_SRF_0.22-3_G_scaffold246964_1_gene263373	TARA_158_SRF_0.22-3_G_scaffold194498_1_gene182789	TARA_152_MIX_0.22-3_G_scaffold253131_1_gene220687	TARA_196_SRF_lt-0.22_G_scaffold13817_3_gene40494
TARA_004_DCM_0.22-1.6_G	TARA_004_DCM	Pico	DCM	Westerlies	NAO	36.5533	-6.5669	40	11	16.3584	36.5811	NA	NA	NA	0.535777	0	0	0	0	0	0	0	0	0	0	0	0	0
TARA_004_SRF_0.22-1.6_G	TARA_004_SRF	Pico	SRF	Westerlies	NAO	36.5533	-6.5669	9	12	20.238088	36.599199	NA	NA	NA	0.180403	0	0	0	0	0	0	0	0	0	0	0	0	0
TARA_007_DCM_0.22-1.6_G	TARA_007_DCM	Pico	DCM	Westerlies	MS	37.0541	1.9478	42	18	17.521075	37.1036	0.0065	0.028	0.4985	0.338691	0.008444782830910713	0	0	0.3843452570790487	0	0.02098636559919346	0	0	0	0	0	0.0598627477747488	0
TARA_007_SRF_0.22-1.6_G	TARA_007_SRF	Pico	SRF	Westerlies	MS	37.051	1.9378	9	18	23.8141	37.522	0.0475	0.14325	0.7935	0.189348	0	0	0	0.13299549682249062	0	0	0	0	0	0	0	0.095072028421621907	0
TARA_009_DCM_0.22-1.6_G	TARA_009_DCM	Pico	DCM	Westerlies	MS	39.0734	5.8598	55	25	15.9708	37.68195	NA	NA	NA	0.442902	0	0	0	0.0322112352549371	0	0.046038725776089966	0	0	0	0	0.057439440680821	0.3334778416132033	0
TARA_009_SRF_0.22-1.6_G	TARA_009_SRF	Pico	SRF	Westerlies	MS	39.1633	5.916	9	25	24.4828	37.8042	NA	NA	NA	0.136232	0	0	0	0	0	0	0	0	0	0	0	0	0
TARA_018_DCM_0.22-1.6_G	TARA_018_DCM	Pico	DCM	Westerlies	MS	35.7606	14.2522	65	50	18.180712	37.975525	0.0131	NA	0.6201	0.084571	0	0	0	0	0	0	0	0	0	0	0	0	0
TARA_018_SRF_0.22-1.6_G	TARA_018_SRF	Pico	SRF	Westerlies	MS	35.759	14.2574	5	51	21.48665	37.89575	0.0256	0.118	0.5571	0.013344	0	0	0	0	0	0	0.10454484083936853	0.22742619697282818	0.12954305239786137	0.3136006432862468	0	0	0
TARA_023_DCM_0.22-1.6_G	TARA_023_DCM	Pico	DCM	Westerlies	MS	42.1735	17.7252	55	12	15.180558	38.47375	0.012	0.05	1.0505	0.136877	0	0	0	0	0	0	0	0	0	0	0	0	0
TARA_023_SRF_0.22-1.6_G	TARA_023_SRF	Pico	SRF	Westerlies	MS	42.2038	17.715	5	16	17.211742	38.22805	0.012	0.040875	1.372375	0.103935	0	0	0	0	0	0	0	0	0	0	0	0	0
TARA_025_DCM_0.22-1.6_G	TARA_025_DCM	Pico	DCM	Westerlies	MS	39.4085	19.3807	50	31	15.181967	38.489083	NA	0.3595	1.354	0.134028	0	0	0	0	0	0	0	0	0	0	0	0	0
TARA_025_SRF_0.22-1.6_G	TARA_025_SRF	Pico	SRF	Westerlies	MS	39.3888	19.3905	5	30	18.319192	38.185333	0.00525	0.03525	1.0505	0.104797	0	0	0	0	0	0	0	0	0	0	0	0	0
TARA_030_DCM_0.22-1.6_G	TARA_030_DCM	Pico	DCM	Westerlies	MS	33.9189	32.8532	70	29	18.21473	39.20842	0	NA	0.6655	0.102631	0	0	0	0	0	0	0	0	0	0	0	0	0
TARA_030_SRF_0.22-1.6_G	TARA_030_SRF	Pico	SRF	Westerlies	MS	33.9179	32.898	5	50	20.4425	39.42311	2.5e-4	0.0455	0.816	0.067706	0	0	0	0	0	0	0	0	0	0	0	0	0
TARA_031_SRF_0.22-1.6_G	TARA_031_SRF	Pico	SRF	Coastal	RS	27.16	34.835	5	53	25.0281	39.96035	0.01225	0.036	0.8825	0.112855	0	0	0	0	0	0	0	0	0.04758279985018212	0.03289625765399715	0	0	0
TARA_032_DCM_0.22-1.6_G	TARA_032_DCM	Pico	DCM	Coastal	RS	23.3867	37.2133	80	101	26.12925	40.187042	0.025	NA	0.85	0.1566	0	0	0	0	0	0	0	0	0.04018449883875454	0.02859186688032448	0	0	0
TARA_032_SRF_0.22-1.6_G	TARA_032_SRF	Pico	SRF	Coastal	RS	23.36	37.2183	5	104	25.811708	39.7709	0.00875	0	0.8775	0.085486	0	0	0.03577342499787939	0	0	0	0	0	0	0.07477064823190913	0	0	0
TARA_033_SRF_0.22-1.6_G	TARA_033_SRF	Pico	SRF	Coastal	RS	21.9467	38.2517	5	56	27.3097	38.9435	0.04575	0.006	1.12025	0.150568	0	0	0	0	0	0	0	0	0	0	0	0	0
TARA_034_DCM_0.22-1.6_G	TARA_034_DCM	Pico	DCM	Coastal	RS	18.3983	39.8617	60	63	27.558763	38.895025	0.0885	0.635	1.3525	0.14795	0	0	0	0	0	0	0	0	0	0	0	0	0
TARA_034_SRF_0.22-1.6_G	TARA_034_SRF	Pico	SRF	Coastal	RS	18.3967	39.875	5	64	27.635025	38.64	0.144	0.029	2.6405	0.137257	0	0	0	0	0	0	0	0	0	0	0	0	0
TARA_036_DCM_0.22-1.6_G	TARA_036_DCM	Pico	DCM	Coastal	IO	20.8176	63.5121	20	17	25.051687	36.522781	0.431	1.115	1.4395	0.28292	0	0	0	0	0	0	0.17537763906609224	0.029798368089821323	0.02452224172944164	0.11599416103229308	0	0	0
TARA_036_SRF_0.22-1.6_G	TARA_036_SRF	Pico	SRF	Coastal	IO	20.8183	63.5047	5	18	25.681369	36.525962	0.3575	0.1415	1.143	0.205491	0	0	0	0	0	0	0.13480061811354943	0	0.07794815208551129	0.1555663035619386	0	0	0
TARA_038_DCM_0.22-1.6_G	TARA_038_DCM	Pico	DCM	Trades	IO	19.0258	64.6227	25	45	25.607735	36.549506	0.417	1.858	1.625	0.185922	0	0	0	0	0	0	0.031254430613785654	0.0183587085665213	0.012896984142389906	0.029908368158015296	0	0	0
TARA_038_SRF_0.22-1.6_G	TARA_038_SRF	Pico	SRF	Trades	IO	19.0393	64.4913	5	20	26.313595	36.618044	0.337	0.4195	1.278	0.113641	0	0	0	0	0	0	0.06383836653384863	0	0.018612027853242206	0	0	0	0
TARA_039_DCM_0.22-1.6_G	TARA_039_DCM	Pico	DCM	Trades	IO	18.5745	66.4895	25	26	26.692435	36.40162	0.2465	0.0675	1.2415	0.196803	0	0	0	0	0	0	0.11998197559901179	0.04716601289989533	0.024319920177158443	0.04776255029133389	0	0	0
TARA_041_DCM_0.22-1.6_G	TARA_041_DCM	Pico	DCM	Trades	IO	14.56	70.0117	70	25	26.317294	36.384231	1.348	15.2	5.774	0.224545	0	0	0	0	0	0	0	0	0	0	0	0	0
TARA_041_SRF_0.22-1.6_G	TARA_041_SRF	Pico	SRF	Trades	IO	14.6067	69.9775	5	25	29.151544	36.0499	0.1565	0.057	1.3865	0.092377	0	0	0	0	0	0	0	0	0	0	0	0	0
TARA_042_DCM_0.22-1.6_G	TARA_042_DCM	Pico	DCM	Trades	IO	5.9994	73.8978	80	32	27.9561	35.044342	0.2505	0.741	2.7335	0.228999	0	0	0	0	0	0	0	0	0	0	0	0	0
TARA_042_SRF_0.22-1.6_G	TARA_042_SRF	Pico	SRF	Trades	IO	6.0001	73.8955	5	41	30.12785	34.56775	0.0765	0.022	2.171	0.080016	0	0	0	0	0	0	0	0	0	0	0	0	0
TARA_045_SRF_0.22-1.6_G	TARA_045_SRF	Pico	SRF	Trades	IO	0.0023	71.6311	5	43	30.59345	35.0481	NA	NA	NA	0.058503	0	0	0	0	0	0	0	0	0	0	0	0	0
TARA_048_SRF_0.22-1.6_G	TARA_048_SRF	Pico	SRF	Trades	IO	-9.3921	66.4236	5	18	29.818108	34.184183	0.0825	0.07475	2.22425	0.077086	0	0	0	0	0	0	0	0	0	0	0	0	0
TARA_052_DCM_0.22-1.6_G	TARA_052_DCM	Pico	DCM	Trades	IO	-16.9539	54.0073	70	57	26.129767	34.847833	0.159	0.4675	2.824	0.22414	0	0	0	0	0	0	0	0	0	0	0	0	0
TARA_052_SRF_0.22-1.6_G	TARA_052_SRF	Pico	SRF	Trades	IO	-16.957	53.9852	5	53	27.956483	34.54545	0.119	0	2.666	0.134305	0	0	0	0	0	0	0	0	0	0	0	0	0
TARA_056_SRF_0.22-3_G	TARA_056_SRF	Pico	SRF	Coastal	IO	-15.3424	43.2965	5	82	27.296125	35.0302	0	0	2.812112	0.098701	0	0	0	0	0	0	0.2792797965823715	0	0	0.0712586377647421	0	0	0
TARA_057_SRF_0.22-3_G	TARA_057_SRF	Pico	SRF	Coastal	IO	-17.0248	42.7401	5	17	26.553475	35.124517	NA	NA	NA	0.140592	0	0	0	0	0	0	0.12790128105131754	0.0559478815225727	0.030847279780904402	0.08708633828281795	0	0	0
TARA_058_DCM_0.22-3_G	TARA_058_DCM	Pico	DCM	Coastal	IO	-17.3401	42.2821	70	37	24.365844	35.1687	0	2.593819	3.856196	0.204152	0	0	0	0	0	0	0.1615702037852449	0.16566621357904224	0.08110694319304157	0.07474935327511856	0	0	0
TARA_062_SRF_0.22-3_G	TARA_062_SRF	Pico	SRF	Coastal	IO	-22.3369	40.3412	5	71	NA	NA	NA	NA	NA	NA	0	0	0	0	0	0	0.1556094430868504	0.16209233134629866	0.043595261108848135	0.19478221034713855	0	0	0
TARA_064_DCM_0.22-3_G	TARA_064_DCM	Pico	DCM	Coastal	IO	-29.5022	37.9904	60	140	22.208705	35.34241	0.0815	NA	1.7455	0.145836	0	0	0	0	0	0	0.06098312865556861	0.09960223523062825	0.24042236230068825	0.15558864911131481	0	0	0
TARA_064_SRF_0.22-3_G	TARA_064_SRF	Pico	SRF	Coastal	IO	-29.5019	37.9889	5	140	22.2414	35.32467	0.084	0	1.7665	0.136664	0	0	0	0	0	0	0.09249164856173026	0.12075882651176502	0.2456050030887963	0.19456418758770425	0	0	0
TARA_065_DCM_0.22-3_G	TARA_065_DCM	Pico	DCM	Coastal	IO	-35.2421	26.3048	30	66	21.72823	35.451512	NA	NA	NA	0.177651	0	0	0	0	0	0	0.17700788433413234	0.13759607830979068	0.13808643257422962	0.17454343565744768	0	0	0
TARA_065_SRF_0.22-3_G	TARA_065_SRF	Pico	SRF	Coastal	IO	-35.1728	26.2868	5	78	21.76357	35.449638	NA	NA	NA	0.176479	0	0	0	0	0	0	0.22067282796928522	0.13382643089518234	0.1454764385155541	0.19384645968876899	0	0	0
TARA_066_DCM_0.22-3_G	TARA_066_DCM	Pico	DCM	Coastal	SAO	-34.8901	18.0459	30	67	15.014	35.32305	0.34975	3.309875	2.5895	0.221666	0	0	0	0.0042893620749517684	0	0	0.0957640823463624	0.0498249037741698	0.10630736414173829	0.11261304663274144	0	0	0
TARA_066_SRF_0.22-3_G	TARA_066_SRF	Pico	SRF	Coastal	SAO	-34.9449	17.9189	5	91	15.013362	35.3233	0.343	3.34	2.7435	0.221666	0	0	0	0.004109816241121972	0	0	0.08354519756358257	0.048782514589154155	0.07502819196327229	0.09040985945946933	0	0	0
TARA_067_SRF_0.22-3_G	TARA_067_SRF	Pico	SRF	Coastal	SAO	-32.2401	17.7103	5	25	13.04322	34.870735	NA	NA	NA	0.765222	0.0031348288354552676	0.11068993615362957	6.433147018288406e-4	0.008100878118889222	0.02208088693008883	0.035878656542402104	0	0	0	0	0	0.00451243210461343	0.016762958015413137
TARA_068_DCM_0.22-3_G	TARA_068_DCM	Pico	DCM	Trades	SAO	-31.0616	4.6617	40	210	16.75627	35.68462	0.227	1.08	2.436	0.355259	0	0	0	0	0	0	0	0	0	0	0	0	0
TARA_068_SRF_0.22-3_G	TARA_068_SRF	Pico	SRF	Trades	SAO	-31.0616	4.6617	5	210	16.86368	35.686225	0.1455	0.939	1.9865	0.316174	0	0	0	0	0	0	0	0	0	0	0	0	0
TARA_070_SRF_0.22-3_G	TARA_070_SRF	Pico	SRF	Trades	SAO	-20.4091	-3.1759	5	149	19.77001	36.35839	0.309	0.8015	1.1485	0.117466	0	0	0	0	0	0	0	0	0	0	0	0	0
TARA_072_DCM_0.22-3_G	TARA_072_DCM	Pico	DCM	Trades	SAO	-8.7026	-17.9398	100	88	23.635845	36.60243	0.143	0.044	1.284	0.244384	0	0	0	0	0	0	0	0	0	0	0	0	0
TARA_072_SRF_0.22-3_G	TARA_072_SRF	Pico	SRF	Trades	SAO	-8.8118	-17.9126	5	86	25.064425	36.41678	0.104	0.018	0.868	0.104143	0	0	0	0	0	0	0	0	0	0	0	0	0
TARA_076_DCM_0.22-3_G	TARA_076_DCM	Pico	DCM	Trades	SAO	-20.999	-35.3216	130	31	22.233095	36.87312	0.029715	0	0.814172	0.102446	0	0	0	0	0	0	0	0	0.047367000571558404	0	0	0	0
TARA_076_SRF_0.22-3_G	TARA_076_SRF	Pico	SRF	Trades	SAO	-20.9354	-35.1803	5	50	23.374825	37.076575	0.055883	0	0.814172	0.055113	0	0	0	0	0	0	0	0	0	0	0	0	0
TARA_078_DCM_0.22-3_G	TARA_078_DCM	Pico	DCM	Trades	SAO	-30.1551	-43.2595	120	85	19.32335	36.27746	0	0.104	0.319	0.16855	0	0	0	0.004739434170512679	0	0	0.01291052225477158	0.017523705130928383	0.29270110230045493	0.2654845709713416	0	0	0
TARA_078_SRF_0.22-3_G	TARA_078_SRF	Pico	SRF	Trades	SAO	-30.1367	-43.2899	5	89	20.07775	36.32553	0	0.026	0.749	0.066207	0	0	0	0	0.01310635782913803	0	0.03627401707213286	0	0.24511806879910983	0.24535410094159205	0	0	0
TARA_082_DCM_0.22-3_G	TARA_082_DCM	Pico	DCM	Coastal	SAO	-47.2129	-58.0594	15	18	7.481658	34.0507	1.302	18.005	1.945	0.396348	0.0012839722323098987	0	0	0	0	0.04256308506901826	0	0	0	0	0	0	0
TARA_082_SRF_0.22-3_G	TARA_082_SRF	Pico	SRF	Coastal	SAO	-47.1847	-58.295	5	55	7.579417	34.05025	1.302	18.005	1.945	0.426587	0.0049119180328619436	0	0	0	0	0.039565032878189514	0	0	0	0	0	0	0
TARA_084_SRF_0.22-3_G	TARA_084_SRF	Pico	SRF	Polar	SO	-60.2287	-60.6476	5	254	1.9034	33.7198	1.723	25.3	16.55	0.207979	0	0	0	0	0	0	0	0	0	0	0	0	0
TARA_085_DCM_0.22-3_G	TARA_085_DCM	Pico	DCM	Polar	SO	-62.1832	-49.2502	90	30	-0.80475	34.363065	2.309	31	81.82	0.289537	0	0	0	0	0	0	0	0	0	0	0	0	0
TARA_085_SRF_0.22-3_G	TARA_085_SRF	Pico	SRF	Polar	SO	-62.0349	-49.5383	5	499	0.73159	34.327465	2.1055	28.64	80.55	0.276495	0	0	0	0	0	0	0	0	0	0	0	0	0
TARA_093_DCM_0.22-3_G	TARA_093_DCM	Pico	DCM	Coastal	SPO	-34.0665	-73.0981	30	22	16.60395	34.284175	1.0365	5.9555	0.3855	0.477628	0	0	0	0	0	0	0	0	0	0	0	0	0
TARA_093_SRF_0.22-3_G	TARA_093_SRF	Pico	SRF	Coastal	SPO	-34.0614	-73.1066	5	26	18.122955	34.31598	0.52125	0.2115	0.1445	0.361109	0	0	0	0	0	0	0	0	0	0	0	0	0
TARA_094_SRF_0.22-3_G	TARA_094_SRF	Pico	SRF	Trades	SPO	-32.7971	-87.0693	5	48	21.121575	34.682538	0.2425	0.029	0.103	0.147303	0	0	0	0	0	0	0	0	0	0	0	0	0
TARA_096_SRF_0.22-3_G	TARA_096_SRF	Pico	SRF	Trades	SPO	-29.7238	-101.1604	5	49	23.84533	35.76868	0.1575	NA	0.5305	0.070669	0	0	0	0	0	0	0	0	0	0	0	0	0
TARA_098_DCM_0.22-3_G	TARA_098_DCM	Pico	DCM	Trades	SPO	-25.8252	-111.7757	175	69	20.352885	35.888155	0.0965	0.049	0.35	0.117421	0	0	0	0	0	0	0	0	0	0	0	0	0
TARA_098_SRF_0.22-3_G	TARA_098_SRF	Pico	SRF	Trades	SPO	-26.7219	-110.0423	2	NA	25.165975	36.382975	NA	NA	NA	0.085574	0	0	0	0	0	0	0	0	0	0	0	0	0
TARA_099_SRF_0.22-3_G	TARA_099_SRF	Pico	SRF	Trades	SPO	-21.146	-104.787	5	67	23.88925	36.1376	0.2975	0.0315	0.558	0.091415	0	0	0	0	0	0	0	0	0	0	0	0	0
TARA_100_DCM_0.22-3_G	TARA_100_DCM	Pico	DCM	Trades	SPO	-12.9945	-95.9855	180	44	12.821535	34.83335	2.68675	23.251	20.9015	0.045442	0	0	0	0	0	0	0	0	0	0	0	0	0
TARA_100_SRF_0.22-3_G	TARA_100_SRF	Pico	SRF	Trades	SPO	-13.3194	-96.4768	2	NA	25.321065	35.830755	0.67725	6.1625	1.15025	0.238694	0	0	0	0	0	0	0	0	0	0	0	0	0
TARA_102_DCM_0.22-3_G	TARA_102_DCM	Pico	DCM	Trades	SPO	-5.2692	-85.2121	40	34	19.781235	34.884385	1.8615	24.3645	10.5045	0.365239	0	0	0	0	0	0	0	0	0	0	0	0	0
TARA_102_SRF_0.22-3_G	TARA_102_SRF	Pico	SRF	Trades	SPO	-5.2529	-85.1545	5	24	24.958885	34.764535	1.02575	12.8225	5.04425	0.264409	0	0	0	0	0	0	0	0	0	0	0	0	0
TARA_109_DCM_0.22-3_G	TARA_109_DCM	Pico	DCM	Coastal	NPO	2.0422	-84.57	30	17	25.99385	34.452685	0.50475	4.638	3.225	0.338017	0	0	0	0	0	0	0	0	0	0	0	0	0
TARA_109_SRF_0.22-3_G	TARA_109_SRF	Pico	SRF	Coastal	NPO	1.9928	-84.5766	5	15	27.497475	33.472445	0.2865	0.8935	1.7085	0.272009	0	0	0	0	0	0	0	0	0	0	0	0	0
TARA_110_DCM_0.22-3_G	TARA_110_DCM	Pico	DCM	Trades	SPO	-1.9245	-84.6182	50	26	22.039785	35.112815	0.9295	10.701	5.407	0.282031	0	0	0	0	0	0	0	0	0	0	0	0	0
TARA_110_SRF_0.22-3_G	TARA_110_SRF	Pico	SRF	Trades	SPO	-2.0133	-84.589	5	33	23.88816	35.012435	0.77275	8.287	3.8635	0.246175	0	0	0	0	0	0	0	0	0	0	0	0	0
TARA_111_DCM_0.22-3_G	TARA_111_DCM	Pico	DCM	Trades	SPO	-16.9559	-100.7138	90	73	19.823695	35.69578	0.443	1.2215	0.9285	0.204542	0	0	0	0	0	0	0	0	0	0	0	0	0
TARA_111_SRF_0.22-3_G	TARA_111_SRF	Pico	SRF	Trades	SPO	-16.9604	-100.6302	5	73	22.78183	35.98269	0.5	2.676	1.0325	0.154999	0	0	0	0	0	0	0	0	0	0	0	0	0
TARA_112_DCM_0.22-3_G	TARA_112_DCM	Pico	DCM	Trades	SPO	-23.2488	-129.4608	165	127	21.65917	35.90061	0.115	0.0535	0.6795	0.136066	0	0	0	0	0	0	0	0	0	0	0	0	0
TARA_112_SRF_0.22-3_G	TARA_112_SRF	Pico	SRF	Trades	SPO	-23.2811	-129.3947	5	134	24.26287	36.43917	0.14225	0.02525	0.7425	0.055382	0	0	0	0	0	0	0	0	0	0	0	0	0
TARA_122_DCM_0.22-3_G	TARA_122_DCM	Pico	DCM	Trades	SPO	-8.9966	-139.202	115	106	24.778725	36.065045	0.582933	2.67775	1.907042	0.198146	0	0	0	0	0	0	0	0	0	0	0	0	0
TARA_122_SRF_0.22-3_G	TARA_122_SRF	Pico	SRF	Trades	SPO	-8.9971	-139.1963	5	102	26.60467	35.37032	0.56795	5.456	2.1905	0.177137	0	0	0	0	0	0	0	0	0	0	0	0	0
TARA_123_SRF_0.22-3_G	TARA_123_SRF	Pico	SRF	Trades	SPO	-8.9068	-140.283	5	122	26.586685	35.3551	0.53495	4.9015	2.2205	0.181215	0	0	0	0	0	0	0	0	0	0	0	0	0
TARA_124_SRF_0.22-3_G	TARA_124_SRF	Pico	SRF	Trades	SPO	-8.8517	-140.5782	5	105	26.572419	35.384031	0.63025	6.2015	2.53325	0.261381	0	0	0	0	0	0	0	0	0	0	0	0	0
TARA_125_SRF_0.22-3_G	TARA_125_SRF	Pico	SRF	Trades	SPO	-8.9111	-142.5571	5	109	26.80604	35.42651	0.55725	3.7335	1.80475	0.178072	0	0	0	0	0	0	0	0	0	0	0	0	0
TARA_128_DCM_0.22-3_G	TARA_128_DCM	Pico	DCM	Trades	SPO	5e-4	-153.6755	40	64	26.139288	35.146525	0.54925	5.264	2.7405	0.28262	0	0	0	0	0	0	0	0	0	0	0	0	0
TARA_128_SRF_0.22-3_G	TARA_128_SRF	Pico	SRF	Trades	SPO	0.0138	-153.6393	5	71	26.218438	35.129025	0.53975	5.0815	2.668	0.25349	0	0	0	0	0	0	0	0	0	0	0	0	0
TARA_132_DCM_0.22-3_G	TARA_132_DCM	Pico	DCM	Westerlies	NPO	31.4949	-159.0561	115	51	15.304405	34.38819	0.1252	0.047	4.4468	0.156908	0	0	0	0	0	0	0	0	0	0	0	0	0
TARA_132_SRF_0.22-3_G	TARA_132_SRF	Pico	SRF	Westerlies	NPO	31.5213	-158.9958	5	42	25.164595	35.19025	0.0062	0.01	2.4278	0.101563	0	0	0	0	0	0	0	0	0	0	0	0	0
TARA_133_DCM_0.22-3_G	TARA_133_DCM	Pico	DCM	Westerlies	NPO	35.4068	-127.7432	45	11	13.874505	33.208145	0.43225	0.92875	2.65725	0.389715	0	0	0	0	0	0	0	0	0	0	0	0	0
TARA_133_SRF_0.22-3_G	TARA_133_SRF	Pico	SRF	Westerlies	NPO	35.3671	-127.7422	5	11	19.24802	33.07013	0.2925	0.011	1.95475	0.140785	0	0	0	0	0	0	0	0	0	0	0	0	0
TARA_137_DCM_0.22-3_G	TARA_137_DCM	Pico	DCM	Trades	NPO	14.1749	-116.7071	100	28	13.066005	34.682975	2.655	24.1655	30.188	0.140964	0	0	0	0	0	0	0	0	0	0	0	0	0
TARA_137_SRF_0.22-3_G	TARA_137_SRF	Pico	SRF	Trades	NPO	14.2022	-116.6291	5	29	26.478605	33.84798	0.456	2.444	2.538	0.251665	0	0	0	0	0	0	0	0	0	0	0	0	0
TARA_138_DCM_0.22-3_G	TARA_138_DCM	Pico	DCM	Trades	NPO	6.3094	-102.9606	60	43	19.279945	34.616675	1.108	12.904	8.073	0.22573	0	0	0	0	0	0	0	0	0	0	0	0	0
TARA_138_SRF_0.22-3_G	TARA_138_SRF	Pico	SRF	Trades	NPO	6.3332	-102.9432	5	45	26.605515	33.52041	0.1575	0.002	1.1855	0.125361	0	0	0	0	0	0	0	0	0	0	0	0	0
TARA_140_SRF_0.22-3_G	TARA_140_SRF	Pico	SRF	Coastal	NPO	7.4122	-79.3017	5	26	26.555663	28.922675	0.09345	0.00275	0.63375	0.182274	0	0	0	0	0	0	0.03890599460847254	0.03258477905332629	0.018887920619456298	0.0341663587294159	0	0	0
TARA_141_SRF_0.22-3_G	TARA_141_SRF	Pico	SRF	Coastal	NAO	9.8491	-80.0384	5	34	27.1673	34.80515	0.0132	5e-4	1.1195	0.094165	0	0	0	0	0	0	0	0	0	0	0	0	0
TARA_142_DCM_0.22-3_G	TARA_142_DCM	Pico	DCM	Coastal	NAO	25.5101	-88.383	125	151	24.961605	36.17927	NA	0.0615	1.168	0.114913	0	0	0	0	0	0	0	0	0	0	0	0	0
TARA_142_SRF_0.22-3_G	TARA_142_SRF	Pico	SRF	Coastal	NAO	25.4925	-88.3432	5	163	24.98644	36.180455	0.003	0.049	1.218	0.121596	0	0	0	0.26962429259886317	0	0	0	0	0	0	0	0	0
TARA_145_SRF_0.22-3_G	TARA_145_SRF	Pico	SRF	Westerlies	NAO	39.2305	-70.0377	5	128	13.993715	35.12152	0.33275	3.7925	2.41425	0.169817	0.0022334923462867377	0	0	0.014536215101523657	0	0.004566762803044175	0	0.0019170297832210473	0	0.0023067890922037204	0.016200938436896833	0.010626252743601173	0.0012181515891281766
TARA_146_SRF_0.22-3_G	TARA_146_SRF	Pico	SRF	Westerlies	NAO	34.6712	-71.3093	5	NA	19.312775	36.513137	NA	0.7375	0.944	0.126112	0	0	0	0	0	0	7.118950314805036e-4	0	0.009889529840201496	0.02113259668288015	0	0	0
TARA_148_SRF_0.22-3_G	TARA_148_SRF	Pico	SRF	Westerlies	NAO	31.6948	-64.2489	5	134	20.481195	36.596745	0.0015	0.1505	0.728	0.120903	0	0	0	0	0	0	0.009320454062545672	0.008599913375170767	0.01059871677112358	0.01199256987973561	0	0	0
TARA_149_SRF_0.22-3_G	TARA_149_SRF	Pico	SRF	Westerlies	NAO	34.1132	-49.9181	5	167	18.82554	36.41274	NA	NA	NA	0.156401	0	0	0	0	0	0	0	0.013161694921441024	0.032030896818906814	0.05844537139220851	0	0	0
TARA_150_DCM_0.22-3_G	TARA_150_DCM	Pico	DCM	Westerlies	NAO	35.8579	-37.17	40	106	17.585567	36.285033	0	0.1745	0.8423	0.21402	0	0	0	0	0	0	0.011800002985078552	0.010573270206445046	0.03373549145769991	0.05507418017548872	0	0	0
TARA_150_SRF_0.22-3_G	TARA_150_SRF	Pico	SRF	Westerlies	NAO	35.9346	-37.3032	5	77	17.627142	36.285292	0.0055	0.1695	0.8358	0.191003	0	0	0	0	0	0	0.018481652293321764	0	0.033646205783814276	0.05296701171302652	0	0	0
TARA_151_DCM_0.22-3_G	TARA_151_DCM	Pico	DCM	Westerlies	NAO	36.1375	-28.935	70	56	16.8858	36.20373	0.0115	0.0445	0.633	0.164878	0	0	0	0.21141786201898868	0	8.273461290745038e-4	0	0	0	0	0	0	0
TARA_151_SRF_0.22-3_G	TARA_151_SRF	Pico	SRF	Westerlies	NAO	36.1715	-29.023	5	56	17.303005	36.229605	0.0125	NA	0.6545	0.111686	0	0	0	0.25325856645123923	0	0.0025990550954644123	0	0	0	0	0	0.0012589585253024167	0
TARA_152_SRF_0.22-3_G	TARA_152_SRF	Pico	SRF	Westerlies	NAO	43.517	-16.8449	2	NA	14.31916	35.99002	0.1595	2.159	1.236	0.200059	0	0	0	0	0	0	0	0	0	0	0	0.21373560790957424	0
TARA_155_DCM_0.22-3_G	TARA_155_DCM	Pico	DCM	Westerlies	NAO	54.5746	-16.8264	40	32	10.876965	35.33752	0.566253	10.158	3.554362	0.634817	0	0	0	0	0	0.008556270483024576	0	0	0	0	0.057636432914954176	0.163437259763673	0.06671853769501326
TARA_155_SRF_0.22-3_G	TARA_155_SRF	Pico	SRF	Westerlies	NAO	54.5305	-16.9377	5	64	11.09547	35.32522	0.401861	8.035625	0.967928	0.772148	0	0	0	0.003227755974535313	0	0.008502025704704711	0	0	0	0	0.05664198376196049	0.11633518247196876	0.059086736795983544
TARA_158_DCM_0.22-3_G	TARA_158_DCM	Pico	DCM	Polar	AO	67.1178	0.369	25	10	6.73489	35.15072	0.709183	11.784	4.95809	0.764172	0.0010346081946418994	0	0	0	0.0011270105296430134	9.310017225798233e-4	0	0	0	0	0.08466135128936383	0.00474617661703182	0.13002734129829555
TARA_158_SRF_0.22-3_G	TARA_158_SRF	Pico	SRF	Polar	AO	67.141	0.2355	5	11	8.47447	35.145165	0.356899	5.1155	4.012069	1.174328	0	0	0	0	0	0	0	0	0	0	0.059752941395745274	0.004501750370146929	0.09205887528390468
TARA_163_SRF_0.22-3_G	TARA_163_SRF	Pico	SRF	Polar	AO	76.1804	1.3093	5	111	1.899612	34.888656	0.290483	2.7725	4.18531	2.780097	0	0	0	0	0	0	0	0	0	0	0.006738817279073367	0	0.012126643751521766
TARA_168_DCM_0.22-3_G	TARA_168_DCM	Pico	DCM	Polar	AO	72.5869	44.1285	40	19	3.824545	34.975345	0.098435	0.821	1.135333	1.1063	5.791418700411579e-4	0	0	0	0	9.032183053993828e-4	0	0	0	0	0.008035674306225767	0.00518720808595939	0.0036276141744029616
TARA_168_SRF_0.22-3_G	TARA_168_SRF	Pico	SRF	Polar	AO	72.5128	44.0775	5	15	7.48766	34.92331	0	0.0595	1.725127	0.825342	0	0	0	0	0	0.008173353744121982	0	0	0	0	0.028809408348288986	0.03454311184862514	0.005823248383977345
TARA_173_DCM_0.22-3_G	TARA_173_DCM	Pico	DCM	Polar	AO	78.9537	79.3788	35	15	-1.29785	34.4561	0.209065	1.709	0.231772	2.003142	0	0	0	0	0	0	0	0	0	0	0	0	0
TARA_173_SRF_0.22-3_G	TARA_173_SRF	Pico	SRF	Polar	AO	78.9564	79.4201	5	15	-0.160312	33.613775	0.056871	0.441	0.273079	0.417069	0	0	0	0	0	0	0	0	0	0	0	0	0.0019171161230375632
TARA_175_SRF_0.22-3_G	TARA_175_SRF	Pico	SRF	Polar	AO	79.2233	66.3435	5	374	1.365705	34.264755	0.063634	0.3685	0.523062	1.019477	0	0	0	0	0	0	0	0	0	0	0	0	0
TARA_178_SRF_0.22-3_G	TARA_178_SRF	Pico	SRF	Polar	AO	77.1604	73.2057	5	16	1.325833	34.142392	0.047034	0.278	0.244154	0.119264	0	0	0	0	0	0	0	0	0	0	0	0	0
TARA_180_SRF_0.22-3_G	TARA_180_SRF	Pico	SRF	Polar	AO	74.8023	76.1478	5	11	2.507887	22.980169	0.23830200000000001	0.247333	11.775524	0.547446	0	0	0	0	0	0	0	0	0	0	0	0	0
TARA_188_DCM_0.22-3_G	TARA_188_DCM	Pico	DCM	Polar	AO	78.2528	91.8537	15	27	-1.680906	33.065344	0.298947	1.2055	0.705547	1.427906	0	0	0	0	0	0	0	0	0	0	0	0	0
TARA_188_SRF_0.22-3_G	TARA_188_SRF	Pico	SRF	Polar	AO	78.2518	91.8557	5	27	-1.649738	32.950844	0.216027	0.513	0.465648	1.417326	0	0	0	0	0	0	0	0	0	0	0	0	0
TARA_189_DCM_0.22-3_G	TARA_189_DCM	Pico	DCM	Polar	AO	77.9401	116.9045	35	150	-1.53759	33.76046	NA	NA	NA	0.641276	0	0	0	0	0	0	0	0	0	0	0	0	0
TARA_189_SRF_0.22-3_G	TARA_189_SRF	Pico	SRF	Polar	AO	77.9028	117.1545	5	150	0.10149	28.82053	NA	NA	NA	0.815481	0	0	0	0	0	0	0	0	0	0	0	0	0
TARA_191_SRF_0.22-3_G	TARA_191_SRF	Pico	SRF	Polar	AO	71.5948	160.9381	5	20	1.48885	28.41685	1.195806	1.06325	19.646147	0.431723	0	0	0	0	0	0	0	0	0	0	0	0	0
TARA_193_SRF_0.22-3_G	TARA_193_SRF	Pico	SRF	Polar	AO	71.0704	174.9916	5	17	2.4534	29.0291	1.614977	6.2695	30.149509	0.58652	0	0	0	0	0	0	0	0	0	0	0	0	0.0015081473885721892
TARA_194_DCM_0.22-3_G	TARA_194_DCM	Pico	DCM	Polar	AO	73.3824	-168.5345	35	14	-0.987833	31.56495	0.866194	1.9045	5.566842	0.544297	0	0	0	0	0	0	0	0	0	0	0	0	0
TARA_194_SRF_0.22-3_G	TARA_194_SRF	Pico	SRF	Polar	AO	73.3833	-168.1333	5	33	-0.585333	27.442	0.361653	0.2285	1.424261	0.404899	0	0	0	0	0	0	0	0	0	0	0	0	0
TARA_196_SRF_0.22-3_G	TARA_196_SRF	Pico	SRF	Polar	AO	71.8895	-154.9101	5	14	2.5694	28.60925	0.430504	0.4235	2.822912	0.485962	0	0	0	0	0	0	0	0	0	0	0	0	0.10230529401713644
TARA_201_DCM_0.22-3_G	TARA_201_DCM	Pico	DCM	Polar	AO	74.305	-85.6552	35	16	-0.405775	31.887788	0.676777	2.037	3.683051	0.89624	0	0	0	0	0	0	0	0	0	0	0	0	0
TARA_201_SRF_0.22-3_G	TARA_201_SRF	Pico	SRF	Polar	AO	74.296	-85.7059	5	16	-1.53136	30.78952	0.526245	1.328	2.062045	0.718479	0	0	0	0	0	0	0	0	0	0	0	0	0
TARA_205_SRF_0.22-3_G	TARA_205_SRF	Pico	SRF	Polar	AO	72.471	-71.8887	5	239	-0.479225	31.99537	0.560568	0.411	0.298067	1.1319	0	0	0	0	0	0	0	0	0	0	0	0	0
TARA_206_SRF_0.22-3_G	TARA_206_SRF	Pico	SRF	Polar	AO	70.961	-53.6306	5	294	1.457935	32.07443	0.220883	1.24175	1.04231	0.774682	9.426588944715122e-4	0	7.242592311898557e-4	0	0	0	0	0	0	0	0	2.884318729210997e-4	0.008343281209505204
TARA_208_SRF_0.22-3_G	TARA_208_SRF	Pico	SRF	Polar	AO	69.1136	-51.5086	5	141	3.1965	32.99175	0.312072	1.916	0.819597	0.39292	0.007613167780929426	0	0.006319411526240402	7.461188521859946e-4	0	0.002270701084661178	0	0	0	0	0.0017352062007425205	0.0010935893590273793	0.021456221020609824
TARA_209_SRF_0.22-3_G	TARA_209_SRF	Pico	SRF	Polar	AO	64.713	-53.0108	5	17	2.496125	32.603119	NA	NA	NA	0.825917	0	0	0	0	0	0	0	0	0	0	0.007217632504902323	0.0012945192557130786	0.09522189749039729
TARA_210_SRF_0.22-3_G	TARA_210_SRF	Pico	SRF	Polar	AO	61.5442	-55.9865	5	147	5.295265	34.212769	0.511975	5.8035	2.252584	0.613636	0	0	0	0	0	0	0	0	0	0	0.013252230022465195	0	0.12765325528872107
TARA_022_SRF_lt-0.22_G	TARA_022_SRF	Virome	SRF	Westerlies	MS	39.8386	17.4155	5	48	17.298758	37.839767	0.0133	0.23125	1.9913	0.155586	0	0	0	0.18612556074205266	0	0	0	0.2725459733515743	0.07084801210090545	0	0	0	0
TARA_023_DCM_lt-0.22_G	TARA_023_DCM	Virome	DCM	Westerlies	MS	42.1735	17.7252	55	12	15.180558	38.47375	0.012	0.05	1.0505	0.136877	0	0	0	0	0	0	0	0	0	0	0	0	0
TARA_025_DCM_lt-0.22_G	TARA_025_DCM	Virome	DCM	Westerlies	MS	39.4085	19.3807	50	31	15.181967	38.489083	NA	0.3595	1.354	0.134028	0	0	0	0	0	0	0	0	0	0	0	0	0
TARA_025_SRF_lt-0.22_G	TARA_025_SRF	Virome	SRF	Westerlies	MS	39.3888	19.3905	5	30	18.319192	38.185333	0.00525	0.03525	1.0505	0.104797	0	0	0	0	0	0	0	0	0	0	0	0	0
TARA_031_SRF_lt-0.22_G	TARA_031_SRF	Virome	SRF	Coastal	RS	27.16	34.835	5	53	25.0281	39.96035	0.01225	0.036	0.8825	0.112855	0	0	0	0	0	0	0	0	0	0	0	0	0
TARA_032_SRF_lt-0.22_G	TARA_032_SRF	Virome	SRF	Coastal	RS	23.36	37.2183	5	104	25.811708	39.7709	0.00875	0	0.8775	0.085486	0	0	0	0	0	0	0	0	0	0	0	0	0
TARA_033_SRF_lt-0.22_G	TARA_033_SRF	Virome	SRF	Coastal	RS	21.9467	38.2517	5	56	27.3097	38.9435	0.04575	0.006	1.12025	0.150568	0	0	0	0	0	0	0	0	0	0.0314613100600984	0	0	0
TARA_034_DCM_lt-0.22_G	TARA_034_DCM	Virome	DCM	Coastal	RS	18.3983	39.8617	60	63	27.558763	38.895025	0.0885	0.635	1.3525	0.14795	0	0	0	0	0	0	0	0	0	0	0	0	0
TARA_034_SRF_0.1-0.22_G	TARA_034_SRF	Virome	SRF	Coastal	RS	18.3967	39.875	5	64	27.635025	38.64	0.144	0.029	2.6405	0.137257	0	0	0	0	0	0	0	0	0.008846009248759163	0	0	0	0
TARA_034_SRF_lt-0.22_G	TARA_034_SRF	Virome	SRF	Coastal	RS	18.3967	39.875	5	64	27.635025	38.64	0.144	0.029	2.6405	0.137257	0	0	0	0	0	0	0	0	0	0	0	0	0
TARA_036_DCM_lt-0.22_G	TARA_036_DCM	Virome	DCM	Coastal	IO	20.8176	63.5121	20	17	25.051687	36.522781	0.431	1.115	1.4395	0.28292	0	0	0	0	0	0	0	0	0	0	0	0	0
TARA_036_SRF_0.1-0.22_G	TARA_036_SRF	Virome	SRF	Coastal	IO	20.8183	63.5047	5	18	25.681369	36.525962	0.3575	0.1415	1.143	0.205491	0	0	0	0	0	0	0.40495255510106865	0	0	0.12813729959984768	0	0	0
TARA_036_SRF_lt-0.22_G	TARA_036_SRF	Virome	SRF	Coastal	IO	20.8183	63.5047	5	18	25.681369	36.525962	0.3575	0.1415	1.143	0.205491	0	0	0	0	0	0	0	0	1	0	0	0	0
TARA_038_DCM_lt-0.22_G	TARA_038_DCM	Virome	DCM	Trades	IO	19.0258	64.6227	25	45	25.607735	36.549506	0.417	1.858	1.625	0.185922	0	0	0	0	0	0	0	0.046758826224140085	0.016090537259483523	0	0	0	0
TARA_038_SRF_0.1-0.22_G	TARA_038_SRF	Virome	SRF	Trades	IO	19.0393	64.4913	5	20	26.313595	36.618044	0.337	0.4195	1.278	0.113641	0	0	0	0	0	0	0	0	0.020401228841056704	0.10386473073105777	0	0	0
TARA_038_SRF_lt-0.22_G	TARA_038_SRF	Virome	SRF	Trades	IO	19.0393	64.4913	5	20	26.313595	36.618044	0.337	0.4195	1.278	0.113641	0	0	0	0	0	0	0	0	0.052859085138550345	0.032291766727812345	0	0	0
TARA_039_DCM_lt-0.22_G	TARA_039_DCM	Virome	DCM	Trades	IO	18.5745	66.4895	25	26	26.692435	36.40162	0.2465	0.0675	1.2415	0.196803	0	0	0	0	0	0	0.1786157391681232	0.1861047461413707	0.09049334565090734	0	0	0	0
TARA_039_SRF_0.1-0.22_G	TARA_039_SRF	Virome	SRF	Trades	IO	18.5918	66.622	5	28	27.089113	36.310588	0.2335	0.0425	1.515	0.115273	0	0	0	0	0	0	0.16535416751417065	0	0.17356783858023336	0	0	0	0
TARA_039_SRF_lt-0.22_G	TARA_039_SRF	Virome	SRF	Trades	IO	18.5918	66.622	5	28	27.089113	36.310588	0.2335	0.0425	1.515	0.115273	0	0	0	0	0	0	0.18556799381772177	0	0.04487179469021752	0	0	0	0
TARA_041_DCM_lt-0.22_G	TARA_041_DCM	Virome	DCM	Trades	IO	14.56	70.0117	70	25	26.317294	36.384231	1.348	15.2	5.774	0.224545	0	0	0	0	0	0	0	0	0	0	0	0	0
TARA_041_SRF_lt-0.22_G	TARA_041_SRF	Virome	SRF	Trades	IO	14.6067	69.9775	5	25	29.151544	36.0499	0.1565	0.057	1.3865	0.092377	0	0	0	0	0	0	0	0	0	0	0	0	0
TARA_042_DCM_lt-0.22_G	TARA_042_DCM	Virome	DCM	Trades	IO	5.9994	73.8978	80	32	27.9561	35.044342	0.2505	0.741	2.7335	0.228999	0	0	0	0	0	0	0	0	0	0	0	0	0
TARA_042_SRF_lt-0.22_G	TARA_042_SRF	Virome	SRF	Trades	IO	6.0001	73.8955	5	41	30.12785	34.56775	0.0765	0.022	2.171	0.080016	0	0	0	0	0	0	0	0	0	0	0	0	0
TARA_046_SRF_lt-0.22_G	TARA_046_SRF	Virome	SRF	Trades	IO	-0.6625	73.161	5	23	30.12475	35.1113	0.102	0.047	1.947	0.148923	0	0	0	0	0	0	0.07459312765268382	0.4634047144946243	0	0.46200215785269194	0	0	0
TARA_048_SRF_0.1-0.22_G	TARA_048_SRF	Virome	SRF	Trades	IO	-9.3921	66.4236	5	18	29.818108	34.184183	0.0825	0.07475	2.22425	0.077086	0	0	0	0	0	0	0	0	0	0	0	0	0
TARA_048_SRF_lt-0.22_G	TARA_048_SRF	Virome	SRF	Trades	IO	-9.3921	66.4236	5	18	29.818108	34.184183	0.0825	0.07475	2.22425	0.077086	0	0	0	0	0	0	0	0	0	0	0	0	0
TARA_052_DCM_lt-0.22_G	TARA_052_DCM	Virome	DCM	Trades	IO	-16.9539	54.0073	70	57	26.129767	34.847833	0.159	0.4675	2.824	0.22414	0	0	0	0	0	0	0	0	0	0	0	0	0
TARA_052_SRF_lt-0.22_G	TARA_052_SRF	Virome	SRF	Trades	IO	-16.957	53.9852	5	53	27.956483	34.54545	0.119	0	2.666	0.134305	0	0	0	0	0	0	0	0	0	0	0	0	0
TARA_056_SRF_lt-0.22_G	TARA_056_SRF	Virome	SRF	Coastal	IO	-15.3424	43.2965	5	82	27.296125	35.0302	0	0	2.812112	0.098701	0	0	0	0	0	0	0	0	1	0	0	0	0
TARA_058_DCM_lt-0.22_G	TARA_058_DCM	Virome	DCM	Coastal	IO	-17.3401	42.2821	70	37	24.365844	35.1687	0	2.593819	3.856196	0.204152	0	0	0	0	0	0	0.34115523465703956	0.6588447653429604	0	0	0	0	0
TARA_062_SRF_lt-0.22_G	TARA_062_SRF	Virome	SRF	Coastal	IO	-22.3369	40.3412	5	71	NA	NA	NA	NA	NA	NA	0	0	0	0	0	0	0	0	0.269206860468832	0	0	0	0
TARA_064_DCM_0.1-0.22_G	TARA_064_DCM	Virome	DCM	Coastal	IO	-29.5022	37.9904	60	140	22.208705	35.34241	0.0815	NA	1.7455	0.145836	0	0	0	0	0	0	0.09697366476925305	0.081732186431338	0.16441041467888307	0.15266367524600544	0	0	0
TARA_064_DCM_lt-0.22_G	TARA_064_DCM	Virome	DCM	Coastal	IO	-29.5022	37.9904	60	140	22.208705	35.34241	0.0815	NA	1.7455	0.145836	0	0	0	0	0	0	0	0.10871811507531673	0.2593000835122141	0.20371358019531488	0	0	0
TARA_064_SRF_lt-0.22_G	TARA_064_SRF	Virome	SRF	Coastal	IO	-29.5019	37.9889	5	140	22.2414	35.32467	0.084	0	1.7665	0.136664	0	0	0	0	0	0	0.17072970006998778	0.12010830091972112	0.3142039566418522	0.21391872800157033	0	0	0
TARA_065_DCM_0.1-0.22_G	TARA_065_DCM	Virome	DCM	Coastal	IO	-35.2421	26.3048	30	66	21.72823	35.451512	NA	NA	NA	0.177651	0	0	0	0	0	0	0.27027985961825773	0.15089298308435667	0.12402113894763599	0.2050710585121114	0	0	0
TARA_065_DCM_lt-0.22_G	TARA_065_DCM	Virome	DCM	Coastal	IO	-35.2421	26.3048	30	66	21.72823	35.451512	NA	NA	NA	0.177651	0	0.016093643929872063	0	0.0017448027050634529	0.0021179481986563246	0.003152541251194189	0.23911038666857387	0.15701490377200786	0.12228443498701042	0.18376751149410062	0	0	5.636619128370587e-4
TARA_065_SRF_0.1-0.22_G	TARA_065_SRF	Virome	SRF	Coastal	IO	-35.1728	26.2868	5	78	21.76357	35.449638	NA	NA	NA	0.176479	0	0	0	0	0	0	0.279361988371686	0.15756972426473673	0.14281083345354317	0.21778019683629915	0	0	0
TARA_065_SRF_lt-0.22_G	TARA_065_SRF	Virome	SRF	Coastal	IO	-35.1728	26.2868	5	78	21.76357	35.449638	NA	NA	NA	0.176479	0	0	0	0	0	0	0.20180225859747938	0.1603092342200226	0.14735366589909646	0.27320480605338404	0	0	0
TARA_066_DCM_lt-0.22_G	TARA_066_DCM	Virome	DCM	Coastal	SAO	-34.8901	18.0459	30	67	15.014	35.32305	0.34975	3.309875	2.5895	0.221666	0	0	0	0.0020853854798888187	0	0	0.07675167194519551	0.04054543803901254	0.047909174369512586	0.053655905814957966	0	0	0
TARA_066_SRF_lt-0.22_G	TARA_066_SRF	Virome	SRF	Coastal	SAO	-34.9449	17.9189	5	91	15.013362	35.3233	0.343	3.34	2.7435	0.221666	0	0	0	0.011615584808917424	0	0	0.052409728241020775	0.05021432278121014	0.06326861532173672	0.08212199082667798	0	0	0
TARA_067_SRF_lt-0.22_G	TARA_067_SRF	Virome	SRF	Coastal	SAO	-32.2401	17.7103	5	25	13.04322	34.870735	NA	NA	NA	0.765222	8.721549984118157e-4	0.08650706116917725	0	0.004697906609312361	0.01971121378571467	0.03450480135752583	0	0	0	0	0	0.0034371339440969714	0.009683162074424717
TARA_068_DCM_lt-0.22_G	TARA_068_DCM	Virome	DCM	Trades	SAO	-31.0616	4.6617	40	210	16.75627	35.68462	0.227	1.08	2.436	0.355259	0	0	0	0	0	0	0	0	0	0	0	0	0
TARA_068_SRF_lt-0.22_G	TARA_068_SRF	Virome	SRF	Trades	SAO	-31.0616	4.6617	5	210	16.86368	35.686225	0.1455	0.939	1.9865	0.316174	0	0	0	0	0	0	0	0	0.03151492789140778	0	0	0	0
TARA_070_SRF_lt-0.22_G	TARA_070_SRF	Virome	SRF	Trades	SAO	-20.4091	-3.1759	5	149	19.77001	36.35839	0.309	0.8015	1.1485	0.117466	0	0	0	0	0	0	0	0	0	0	0	0	0
TARA_072_DCM_lt-0.22_G	TARA_072_DCM	Virome	DCM	Trades	SAO	-8.7026	-17.9398	100	88	23.635845	36.60243	0.143	0.044	1.284	0.244384	0	0	0	0	0	0	0	0	0	0	0	0	0
TARA_072_SRF_lt-0.22_G	TARA_072_SRF	Virome	SRF	Trades	SAO	-8.8118	-17.9126	5	86	25.064425	36.41678	0.104	0.018	0.868	0.104143	0	0	0	0	0	0	0	0	0	0	0	0	0
TARA_076_DCM_lt-0.22_G	TARA_076_DCM	Virome	DCM	Trades	SAO	-20.999	-35.3216	130	31	22.233095	36.87312	0.029715	0	0.814172	0.102446	0	0	0	0	0	0	0	0	0	0	0	0	0
TARA_076_SRF_lt-0.22_G	TARA_076_SRF	Virome	SRF	Trades	SAO	-20.9354	-35.1803	5	50	23.374825	37.076575	0.055883	0	0.814172	0.055113	0	0	0	0	0	0	0	0	0	0	0	0	0
TARA_078_DCM_lt-0.22_G	TARA_078_DCM	Virome	DCM	Trades	SAO	-30.1551	-43.2595	120	85	19.32335	36.27746	0	0.104	0.319	0.16855	0	0	0	0	0	0	0	0	0.38159295998183523	0.2690433084792878	0	0	0
TARA_082_SRF_lt-0.22_G	TARA_082_SRF	Virome	SRF	Coastal	SAO	-47.1847	-58.295	5	55	7.579417	34.05025	1.302	18.005	1.945	0.426587	0	0.004208802021594975	0	0	0	0.028959444150154296	0	0	0	0	0	0	0
TARA_085_DCM_lt-0.22_G	TARA_085_DCM	Virome	DCM	Polar	SO	-62.1832	-49.2502	90	30	-0.80475	34.363065	2.309	31	81.82	0.289537	0	0	0	0	0	0	0	0	0	0	0	0	0
TARA_100_DCM_lt-0.22_G	TARA_100_DCM	Virome	DCM	Trades	SPO	-12.9945	-95.9855	180	44	12.821535	34.83335	2.68675	23.251	20.9015	0.045442	0	0	0	0	0	0	0	0	0	0	0	0	0
TARA_102_DCM_lt-0.22_G	TARA_102_DCM	Virome	DCM	Trades	SPO	-5.2692	-85.2121	40	34	19.781235	34.884385	1.8615	24.3645	10.5045	0.365239	0	0	0	0	0	0	0	0	0	0	0	0	0
TARA_109_DCM_lt-0.22_G	TARA_109_DCM	Virome	DCM	Coastal	NPO	2.0422	-84.57	30	17	25.99385	34.452685	0.50475	4.638	3.225	0.338017	0	0	0	0	0	0	0	0	0	0	0	0	0
TARA_109_SRF_lt-0.22_G	TARA_109_SRF	Virome	SRF	Coastal	NPO	1.9928	-84.5766	5	15	27.497475	33.472445	0.2865	0.8935	1.7085	0.272009	0	0	0	0	0	0	0	0	0	0	0	0	0
TARA_122_DCM_0.1-0.22_G	TARA_122_DCM	Virome	DCM	Trades	SPO	-8.9966	-139.202	115	106	24.778725	36.065045	0.582933	2.67775	1.907042	0.198146	0	0	0	0	0	0	0	0	0	0	0	0	0
TARA_122_DCM_lt-0.22_G	TARA_122_DCM	Virome	DCM	Trades	SPO	-8.9966	-139.202	115	106	24.778725	36.065045	0.582933	2.67775	1.907042	0.198146	0	0	0	0	0	0	0	0	0	0	0	0	0
TARA_122_SRF_0.1-0.22_G	TARA_122_SRF	Virome	SRF	Trades	SPO	-8.9971	-139.1963	5	102	26.60467	35.37032	0.56795	5.456	2.1905	0.177137	0	0	0	0	0	0	0	0	0	0	0	0	0
TARA_122_SRF_lt-0.22_G	TARA_122_SRF	Virome	SRF	Trades	SPO	-8.9971	-139.1963	5	102	26.60467	35.37032	0.56795	5.456	2.1905	0.177137	0	0	0	0	0	0	0	0	0	0	0	0	0
TARA_123_SRF_lt-0.22_G	TARA_123_SRF	Virome	SRF	Trades	SPO	-8.9068	-140.283	5	122	26.586685	35.3551	0.53495	4.9015	2.2205	0.181215	0	0	0	0	0	0	0	0	0	0	0	0	0
TARA_124_SRF_0.1-0.22_G	TARA_124_SRF	Virome	SRF	Trades	SPO	-8.8517	-140.5782	5	105	26.572419	35.384031	0.63025	6.2015	2.53325	0.261381	0	0	0	0	0	0	0	0	0	0	0	0	0
TARA_124_SRF_lt-0.22_G	TARA_124_SRF	Virome	SRF	Trades	SPO	-8.8517	-140.5782	5	105	26.572419	35.384031	0.63025	6.2015	2.53325	0.261381	0	0	0	0	0	0	0	0	0	0	0	0	0
TARA_125_SRF_0.1-0.22_G	TARA_125_SRF	Virome	SRF	Trades	SPO	-8.9111	-142.5571	5	109	26.80604	35.42651	0.55725	3.7335	1.80475	0.178072	0	0	0	0	0	0	0	0	0	0	0	0	0
TARA_125_SRF_lt-0.22_G	TARA_125_SRF	Virome	SRF	Trades	SPO	-8.9111	-142.5571	5	109	26.80604	35.42651	0.55725	3.7335	1.80475	0.178072	0	0	0	0	0	0	0	0	0	0	0	0	0
TARA_137_DCM_lt-0.22_G	TARA_137_DCM	Virome	DCM	Trades	NPO	14.1749	-116.7071	100	28	13.066005	34.682975	2.655	24.1655	30.188	0.140964	0	0	0	0	0	0	0	0	0	0	0	0	0
TARA_137_SRF_lt-0.22_G	TARA_137_SRF	Virome	SRF	Trades	NPO	14.2022	-116.6291	5	29	26.478605	33.84798	0.456	2.444	2.538	0.251665	0	0	0	0	0	0	0	0	0	0	0	0	0
TARA_138_DCM_lt-0.22_G	TARA_138_DCM	Virome	DCM	Trades	NPO	6.3094	-102.9606	60	43	19.279945	34.616675	1.108	12.904	8.073	0.22573	0	0	0	0	0	0	0	0	0	0	0	0	0
TARA_138_SRF_lt-0.22_G	TARA_138_SRF	Virome	SRF	Trades	NPO	6.3332	-102.9432	5	45	26.605515	33.52041	0.1575	0.002	1.1855	0.125361	0	0	0	0	0	0	0	0	0	0	0	0	0
TARA_155_DCM_lt-0.22_G	TARA_155_DCM	Virome	DCM	Westerlies	NAO	54.5746	-16.8264	40	32	10.876965	35.33752	0.566253	10.158	3.554362	0.634817	0	0	0.01699188829979015	0	0	0	0	0	0	0	0	0.011771603296139048	0
TARA_158_DCM_lt-0.22_G	TARA_158_DCM	Virome	DCM	Polar	AO	67.1178	0.369	25	10	6.73489	35.15072	0.709183	11.784	4.95809	0.764172	0	0	0	3.1708322378957304e-4	0.0013674552173900314	9.283603652949136e-4	0	0	0	0	0.029299101894875706	0.0031536909093501596	0.059668867048534975
TARA_158_SRF_lt-0.22_G	TARA_158_SRF	Virome	SRF	Polar	AO	67.141	0.2355	5	11	8.47447	35.145165	0.356899	5.1155	4.012069	1.174328	0	0	0	0	0.0018531574988481588	0.0011813904091047475	0	0	0	0	0.04155841674282358	0.003784892838062392	0.0930081526501377
TARA_163_SRF_lt-0.22_G	TARA_163_SRF	Virome	SRF	Polar	AO	76.1804	1.3093	5	111	1.899612	34.888656	0.290483	2.7725	4.18531	2.780097	0	0	0	0	0	0	0	0	0	0	0	0.001497360548005097	0.005945402175902568
TARA_168_DCM_lt-0.22_G	TARA_168_DCM	Virome	DCM	Polar	AO	72.5869	44.1285	40	19	3.824545	34.975345	0.098435	0.821	1.135333	1.1063	0	0	0	0	0	6.020397921255015e-4	0	0	0	0	0.007265406723932519	0.004287019664769357	0.0054388786336957
TARA_168_SRF_lt-0.22_G	TARA_168_SRF	Virome	SRF	Polar	AO	72.5128	44.0775	5	15	7.48766	34.92331	0	0.0595	1.725127	0.825342	0.004301671808690539	0	0	0	0	0.005807775660484831	0	0	0	0	0.04319214344905321	0.027787732676727454	0.007001317380703101
TARA_173_DCM_lt-0.22_G	TARA_173_DCM	Virome	DCM	Polar	AO	78.9537	79.3788	35	15	-1.29785	34.4561	0.209065	1.709	0.231772	2.003142	0	0	0	0	0	0	0	0	0	0	0.0010034393931701822	0	0.0016662377006862361
TARA_173_SRF_lt-0.22_G	TARA_173_SRF	Virome	SRF	Polar	AO	78.9564	79.4201	5	15	-0.160312	33.613775	0.056871	0.441	0.273079	0.417069	0	0	0	0	9.415395785579267e-4	0	0	0	0	0	0	0	0
TARA_175_SRF_lt-0.22_G	TARA_175_SRF	Virome	SRF	Polar	AO	79.2233	66.3435	5	374	1.365705	34.264755	0.063634	0.3685	0.523062	1.019477	0	0	0	0	0	0	0	0	0	0	0	0	0.0010491810074502199
TARA_178_SRF_lt-0.22_G	TARA_178_SRF	Virome	SRF	Polar	AO	77.1604	73.2057	5	16	1.325833	34.142392	0.047034	0.278	0.244154	0.119264	0	0	0	0	0.00985913273168374	0	0	0	0	0	0	0	0.003808255490668445
TARA_180_SRF_lt-0.22_G	TARA_180_SRF	Virome	SRF	Polar	AO	74.8023	76.1478	5	11	2.507887	22.980169	0.23830200000000001	0.247333	11.775524	0.547446	0	0	0	0	0	0	0	0	0	0	0	0	0
TARA_188_DCM_lt-0.22_G	TARA_188_DCM	Virome	DCM	Polar	AO	78.2528	91.8537	15	27	-1.680906	33.065344	0.298947	1.2055	0.705547	1.427906	0	0	0	0	0	0	0	0	0	0	0	0	0
TARA_188_SRF_lt-0.22_G	TARA_188_SRF	Virome	SRF	Polar	AO	78.2518	91.8557	5	27	-1.649738	32.950844	0.216027	0.513	0.465648	1.417326	0	0	0	0	0	0	0	0	0	0	0	0	0
TARA_189_DCM_lt-0.22_G	TARA_189_DCM	Virome	DCM	Polar	AO	77.9401	116.9045	35	150	-1.53759	33.76046	NA	NA	NA	0.641276	0	0	0	0	0	0	0	0	0	0	0	0	0
TARA_189_SRF_lt-0.22_G	TARA_189_SRF	Virome	SRF	Polar	AO	77.9028	117.1545	5	150	0.10149	28.82053	NA	NA	NA	0.815481	0	0	0	0	0	0	0	0	0	0	0	0	0
TARA_191_SRF_lt-0.22_G	TARA_191_SRF	Virome	SRF	Polar	AO	71.5948	160.9381	5	20	1.48885	28.41685	1.195806	1.06325	19.646147	0.431723	0	0	0	0	0	0	0	0	0	0	0	0	0
TARA_193_SRF_lt-0.22_G	TARA_193_SRF	Virome	SRF	Polar	AO	71.0704	174.9916	5	17	2.4534	29.0291	1.614977	6.2695	30.149509	0.58652	0	0	0	0	0	0	0	0	0	0	0	0	0.0017473112644510594
TARA_194_DCM_lt-0.22_G	TARA_194_DCM	Virome	DCM	Polar	AO	73.3824	-168.5345	35	14	-0.987833	31.56495	0.866194	1.9045	5.566842	0.544297	0	0	0	0	0	0	0	0	0	0	0	0	0
TARA_194_SRF_lt-0.22_G	TARA_194_SRF	Virome	SRF	Polar	AO	73.3833	-168.1333	5	33	-0.585333	27.442	0.361653	0.2285	1.424261	0.404899	0	0	0	0	0	0	0	0	0	0	0	0	6.452681373646653e-4
TARA_196_SRF_lt-0.22_G	TARA_196_SRF	Virome	SRF	Polar	AO	71.8895	-154.9101	5	14	2.5694	28.60925	0.430504	0.4235	2.822912	0.485962	0	0	0	0	4.460247212819115e-4	2.73883858896197e-4	0	0	0	0	0	0	0.06056186961510797
TARA_201_DCM_lt-0.22_G	TARA_201_DCM	Virome	DCM	Polar	AO	74.305	-85.6552	35	16	-0.405775	31.887788	0.676777	2.037	3.683051	0.89624	0	0	0	0	0	0	0	0	0	0	0	0	0
TARA_201_SRF_lt-0.22_G	TARA_201_SRF	Virome	SRF	Polar	AO	74.296	-85.7059	5	16	-1.53136	30.78952	0.526245	1.328	2.062045	0.718479	0	0	0	0	0	0	0	0	0	0	0	0	0
TARA_205_SRF_lt-0.22_G	TARA_205_SRF	Virome	SRF	Polar	AO	72.471	-71.8887	5	239	-0.479225	31.99537	0.560568	0.411	0.298067	1.1319	0	0	0	0	0	0	0	0	0	0	0	0	0
TARA_206_SRF_lt-0.22_G	TARA_206_SRF	Virome	SRF	Polar	AO	70.961	-53.6306	5	294	1.457935	32.07443	0.220883	1.24175	1.04231	0.774682	4.6385679972884723e-4	0	6.177935545517528e-4	0	0	1.9598227347208727e-4	0	0	0	0	0	3.0558814490761887e-4	0.007844201533127763
TARA_208_SRF_lt-0.22_G	TARA_208_SRF	Virome	SRF	Polar	AO	69.1136	-51.5086	5	141	3.1965	32.99175	0.312072	1.916	0.819597	0.39292	0.011292060160409277	0	0.010844699718377952	7.227341744946483e-4	6.556150940141622e-4	0.001947610450918994	0	0	0	0	0.002165429729187761	8.5813052873319e-4	0.014102027105002106
TARA_209_SRF_lt-0.22_G	TARA_209_SRF	Virome	SRF	Polar	AO	64.713	-53.0108	5	17	2.496125	32.603119	NA	NA	NA	0.825917	1.857602215382577e-4	0	3.895928753036407e-4	0	2.4025340719517217e-4	2.7351782027348556e-4	0	0	0	0	0.005148762235865161	6.560616639971657e-4	0.07347702436075482
TARA_210_SRF_lt-0.22_G	TARA_210_SRF	Virome	SRF	Polar	AO	61.5442	-55.9865	5	147	5.295265	34.212769	0.511975	5.8035	2.252584	0.613636	0	0	0	0	0.0013525676349435561	0	0	0	0	0	0.010788129981509086	3.5045899187334284e-4	0.08899127222181681
