otu	mean_freq	max_freq	opt_temp	thermotype
797238	6.83475610172851e-6	6.4246707356248e-4	16.75627	medium
137586	3.128911138923654e-4	0.02941176470588235	12.821535	medium
347615	1.7351369040368655e-7	1.6310286897946536e-5	1.365705	low
53314	5.8335579573404687e-5	0.00222717149220489	1.9034	low
276684	2.6045352447502063e-5	0.00222717149220489	1.9034	low
693604	6.863417982155113e-7	6.451612903225807e-5	11.09547	medium
682025	0	0	16.3584	medium
105614	1.851827427207249e-5	0.00143472022955523	1.457935	low
394052	1.8445162837049844e-6	9.688514266337258e-5	2.496125	low
55864	3.8231031111369374e-5	9.032258064516128e-4	11.09547	medium
629525	1.8802223174868195e-6	1.7674089784376103e-4	15.9708	medium
28411	1.4254435248425588e-4	0.00472044477079618	8.47447	low
182593	7.180018386055989e-6	3.825920612147298e-4	1.457935	low
236274	2.488490730372029e-4	0.02339181286549707	24.778725	high
613601	6.863417982155113e-7	6.451612903225807e-5	11.09547	medium
139233	2.239684059102398e-5	5.091649694501018e-4	10.876965	medium
102161	2.2102131535742817e-4	0.02	18.180712	medium
300047	9.914672807264517e-6	4.084967320261438e-4	7.579417	low
44189	9.937092571938937e-5	0.0010183299389002	10.876965	medium
503295	1.1488442626717446e-5	0.00107991360691144	14.31916	medium
492890	2.9182305787338008e-6	2.097975453687192e-4	8.47447	low
788649	1.1159443902591447e-6	1.048987726843596e-4	8.47447	low
186209	1.802286188474656e-6	1.048987726843596e-4	8.47447	low
707067	0	0	16.3584	medium
99837	0	0	16.3584	medium
497764	0	0	16.3584	medium
661892	1.9063669976103911e-6	1.048987726843596e-4	8.47447	low
673211	0	0	16.3584	medium
363460	4.266952935915788e-6	2.097975453687192e-4	8.47447	low
317109	3.2499891667027766e-5	0.00305498981670061	10.876965	medium
720	0.16730585040941587	0.981368454866688	16.75627	medium
509776	1.2953999373193563e-4	0.01063829787234042	30.12785	high
652185	0	0	16.3584	medium
95436	2.7000756021168512e-5	0.00253807106598984	19.32335	medium
808737	9.278934036057938e-6	8.722197993894462e-4	26.12925	high
15360	0.03470081040192848	0.8765432098765432	22.233095	high
193273	1.8517489769086902e-6	1.7406440382941688e-4	13.04322	medium
812659	0	0	16.3584	medium
225738	0	0	16.3584	medium
469580	2.0391600292007714e-6	1.9168104274487253e-4	20.481195	high
756374	1.3248191621843616e-5	0.0012453300124533	21.48665	high
556396	0	0	16.3584	medium
6799	0.011829255162491486	0.2927272727272727	27.635025	high
634169	3.9888630942408794e-6	3.749531308586427e-4	17.521075	medium
2149	0.21224116220724717	0.9607501090274748	26.12925	high
593638	0	0	16.3584	medium
350744	2.2318887805182894e-6	2.097975453687192e-4	8.47447	low
106013	2.2387272474212527e-4	0.01886792452830188	13.874505	medium
392524	0	0	16.3584	medium
70592	1.0963420540004894e-5	8.169934640522876e-4	7.579417	low
64140	1.8517489769086902e-6	1.7406440382941688e-4	13.04322	medium
289086	4.447903770754128e-5	0.00262743037309511	-1.53136	low
50769	0	0	16.3584	medium
23440	3.835823336165821e-4	0.01304347826086956	-0.405775	low
495383	0	0	16.3584	medium
281840	0	0	16.3584	medium
726725	1.1783257794234256e-4	0.00709219858156028	30.12785	high
361528	0	0	16.3584	medium
679143	3.1015445691954575e-5	0.00291545189504373	17.211742	medium
300596	0	0	16.3584	medium
104248	3.1015445691954575e-5	0.00291545189504373	17.211742	medium
702372	0	0	16.3584	medium
707512	0	0	16.3584	medium
138514	0	0	16.3584	medium
53433	3.861196367743014e-4	0.03563474387527839	1.9034	low
547137	0	0	16.3584	medium
172342	4.5074169958318085e-6	2.4221285665843145e-4	2.496125	low
518172	1.7351369040368655e-7	1.6310286897946536e-5	1.365705	low
340990	2.0810441847301304e-6	1.9561815336463224e-4	-0.479225	low
145003	1.0600196763491726e-4	0.00943396226415094	13.874505	medium
367524	0	0	16.3584	medium
341474	4.818579169402846e-7	3.262057379589307e-5	1.365705	low
702590	7.904226073512464e-7	7.429972509101716e-5	1.48885	low
707882	8.138232766478293e-7	7.649938800489595e-5	3.1965	low
558561	0	0	16.3584	medium
599444	1.7351369040368655e-7	1.6310286897946536e-5	1.365705	low
199140	7.92440913881878e-7	6.524114759178614e-5	1.365705	low
152330	0	0	16.3584	medium
90837	6.427251027148835e-6	2.891844997108155e-4	1.899612	low
640550	0	0	16.3584	medium
18549	7.477408310232908e-5	0.00330396475770925	-0.987833	low
3688	0.011651878953517552	0.1854043392504931	7.48766	low
39183	6.811058590627091e-5	0.002465483234714	7.48766	low
8842	4.2479441421636253e-4	0.00956480153036824	1.457935	low
764751	0	0	16.3584	medium
367973	0	0	16.3584	medium
728916	0	0	16.3584	medium
490499	2.3444767878042194e-7	2.203808180535966e-5	-0.585333	low
359094	0	0	16.3584	medium
317133	7.671321574294201e-6	5.254860746190226e-4	-1.53136	low
357338	4.9144374355421895e-6	2.7148092846477533e-4	17.303005	medium
709215	0	0	16.3584	medium
208416	7.387425971714234e-6	5.694760820045558e-4	5.295265	low
154742	1.0175320776987492e-6	9.564801530368244e-5	1.457935	low
37016	4.0490079776719803e-5	0.00191470844212358	13.04322	medium
87499	1.0532968190436064e-4	0.0099009900990099	26.586685	high
735606	0	0	16.3584	medium
267245	3.9354460906852714e-7	3.699319325244155e-5	-1.53759	low
72317	8.320579059220945e-4	0.05263157894736842	27.558763	high
467896	0	0	16.3584	medium
255608	0	0	16.3584	medium
81604	2.645178630994408e-6	1.529987760097919e-4	3.1965	low
136343	9.579345230702001e-6	5.178663904712584e-4	-1.29785	low
312820	0	0	16.3584	medium
338758	0	0	16.3584	medium
167379	1.1783257794234256e-4	0.00709219858156028	30.12785	high
182589	4.688953575608439e-7	4.407616361071932e-5	-0.585333	low
70596	3.142461307992775e-6	1.4459224985540774e-4	1.899612	low
477182	0	0	16.3584	medium
3397	0.002808864734135779	0.08254283965728273	3.1965	low
292620	1.1191224966405328e-6	6.469560716827328e-5	2.5694	low
638053	0	0	16.3584	medium
317732	8.675684520184328e-7	8.155143448973268e-5	1.365705	low
80643	0	0	16.3584	medium
226215	1.31289809458359e-5	8.256274768824307e-4	7.481658	low
3917	0.018789005804405307	0.4187082405345211	1.9034	low
91484	4.1650546646005993e-4	0.02040816326530612	19.77001	medium
60313	0.005345719311321788	0.2553191489361702	15.180558	medium
793275	0	0	16.3584	medium
461751	0	0	16.3584	medium
648848	0	0	16.3584	medium
55580	7.532308164974311e-6	5.659309564233164e-4	16.8858	medium
249938	0	0	16.3584	medium
280855	1.2022322294043592e-4	0.01113585746102449	1.9034	low
114349	5.85809354203768e-6	5.506607929515419e-4	-0.987833	low
37357	0.00278522240174297	0.1276595744680851	15.180558	medium
73457	1.6665740792178194e-5	0.00156657963446475	13.04322	medium
662780	4.806778085317669e-4	0.02631578947368421	27.558763	high
520433	0	0	16.3584	medium
247536	0	0	16.3584	medium
425198	0	0	16.3584	medium
31141	3.156515262918205e-5	0.00243690165361183	13.04322	medium
599377	0	0	16.3584	medium
125921	1.4577753546311884e-7	1.370308833353317e-5	-1.680906	low
89199	0	0	16.3584	medium
124522	0	0	16.3584	medium
78939	3.7034979538173803e-6	3.4812880765883376e-4	13.04322	medium
38345	3.057024183906958e-5	0.00186567164179104	6.73489	low
4399	0.012368907935588808	0.24873096446700507	19.32335	medium
216222	2.407195287233182e-6	1.2939121433654655e-4	2.5694	low
68457	1.1857773896563195e-5	6.462035541195477e-4	16.3584	medium
664772	0	0	16.3584	medium
248916	0	0	16.3584	medium
88860	1.2073053942845234e-4	0.00943396226415094	13.874505	medium
67784	1.3177731893993175e-5	9.584052137243628e-4	20.481195	high
108598	3.979464540748696e-5	0.00165198237885462	-0.987833	low
732836	2.7935239410588793e-7	2.6259125045953468e-5	-0.160312	low
241405	0	0	16.3584	medium
175017	2.9170588175203387e-5	0.0014792899408284	7.48766	low
413549	0	0	16.3584	medium
8432	0.012546050746899184	0.3722879684418146	7.48766	low
16618	2.5157819116220615e-4	0.01195652173913043	-0.405775	low
18581	0.016396767479578172	0.7	18.319192	medium
687064	0	0	16.3584	medium
2706	0.02118649555114133	0.7920792079207921	26.586685	high
807271	0	0	16.3584	medium
127132	1.3248191621843616e-5	0.0012453300124533	21.48665	high
642056	1.5151896244663125e-7	1.4242782469983337e-5	2.507887	low
372259	2.6595744680851064e-5	0.0025	24.98644	high
57537	7.921629322528791e-4	0.06451612903225806	19.24802	medium
194681	4.360328304180609e-4	0.02272727272727272	26.313595	high
375934	5.85809354203768e-6	5.506607929515419e-4	-0.987833	low
5967	0.02018084290031143	0.39643652561247217	1.9034	low
717005	2.4363124607555467e-4	0.02272727272727272	16.60395	medium
706723	0	0	16.3584	medium
369452	2.5449967952993366e-5	0.00222717149220489	1.9034	low
285638	0	0	16.3584	medium
166113	0	0	16.3584	medium
393931	1.1563367252543937e-5	0.00108695652173913	-0.405775	low
103383	1.486659260534154e-5	0.00108695652173913	-0.405775	low
111079	0	0	16.3584	medium
508719	3.2237266279819466e-4	0.0303030303030303	15.181967	medium
95118	4.4514074434226427e-4	0.0175438596491228	29.151544	high
98164	0	0	16.3584	medium
64597	2.3953281126104403e-5	0.00165198237885462	-0.987833	low
523941	2.7935239410588793e-7	2.6259125045953468e-5	-0.160312	low
227006	0	0	16.3584	medium
406987	1.0113711091927288e-4	0.00943396226415094	13.874505	medium
288328	0	0	16.3584	medium
97923	1.0353866576584013e-4	0.00398406374501992	26.317294	high
85156	3.60287039680037e-4	0.02	18.319192	medium
28561	0.021232212158438724	0.8431372549019608	19.279945	medium
748715	1.7566542061328312e-6	1.6512549537648613e-4	7.481658	low
14417	0.0015879733632634624	0.1346153846153846	7.48766	low
559897	4.436957430338296e-7	3.245910153206959e-5	0.10149	low
34187	3.4953016231490926e-4	0.01056338028169014	24.4828	high
23993	0.024447858806777297	0.9298245614035088	29.151544	high
342099	0	0	16.3584	medium
168118	2.770537501882716e-4	0.02127659574468085	30.12785	high
237782	2.4363124607555467e-4	0.02272727272727272	16.60395	medium
514743	4.25531914893617e-4	0.04	18.180712	medium
24854	0.010044784388100435	0.27816901408450706	24.4828	high
22917	0.0026064054705752654	0.1801125703564728	24.961605	high
62626	0.0010300470885941794	0.04929577464788732	24.4828	high
384463	0	0	16.3584	medium
820493	0	0	16.3584	medium
494154	3.7724460540214254e-5	0.00354609929078014	30.12785	high
775393	1.0638297872340425e-4	0.01	18.319192	medium
132386	9.875595054924637e-6	4.930966469428008e-4	7.48766	low
204170	0	0	16.3584	medium
307358	2.7701496065464177e-6	2.603940630153633e-4	2.4534	low
145224	6.79344360628051e-6	5.738880918220947e-4	1.457935	low
174435	0	0	16.3584	medium
439186	6.130170492301733e-7	5.762360262763628e-5	18.82554	medium
2395	0.015119811638723751	0.6207299953205428	13.993715	medium
353888	0	0	16.3584	medium
98714	6.863417982155113e-7	6.451612903225807e-5	11.09547	medium
251968	0	0	16.3584	medium
292676	3.17541476787869e-6	2.339728591483388e-4	13.993715	medium
726729	0	0	16.3584	medium
47502	0.0013535268934717255	0.07801418439716312	30.12785	high
156679	0	0	16.3584	medium
116658	3.136824911234814e-6	1.9834273624823697e-4	-0.585333	low
509917	0	0	16.3584	medium
208229	8.957191204767311e-7	3.817911093577001e-5	-1.649738	low
440241	4.436957430338296e-7	3.245910153206959e-5	0.10149	low
370745	1.0587018077810692e-6	3.245910153206959e-5	0.10149	low
85748	4.0113215901755076e-6	3.0853314527503527e-4	-0.585333	low
764753	0	0	16.3584	medium
463347	1.1343149245672252e-6	9.737730459620878e-5	0.10149	low
20774	1.1169407249247466e-4	0.00135860775053373	2.5694	low
394955	7.208904205492382e-7	3.817911093577001e-5	-1.649738	low
301371	5.670582994722137e-7	3.699319325244155e-5	-1.53759	low
167807	0	0	16.3584	medium
512971	0	0	16.3584	medium
680235	4.907382328709739e-7	2.203808180535966e-5	-0.585333	low
314474	4.639467018028969e-6	4.361098996947231e-4	26.12925	high
748488	2.626740215392697e-4	0.02469135802469135	22.233095	high
28565	1.605595070426846e-4	0.01232394366197183	-0.479225	low
56867	2.2220987722904254e-5	0.002088772845953	13.04322	medium
292452	6.286295498635245e-7	5.9091177687171306e-5	1.325833	low
135756	1.6640263372540298e-6	6.524114759178614e-5	1.365705	low
300750	8.01081174021283e-5	0.00398406374501992	26.317294	high
662793	9.838615226713179e-8	9.248298313110388e-6	-1.53759	low
307956	0	0	16.3584	medium
528833	9.838615226713179e-8	9.248298313110388e-6	-1.53759	low
252271	2.8934954944658232e-5	0.00186567164179104	6.73489	low
3511	0.0026669396123427547	0.14608512874408827	-1.53136	low
368986	3.9354460906852714e-7	3.699319325244155e-5	-1.53759	low
115509	1.0221616389916328e-5	5.178663904712584e-4	-1.29785	low
13744	2.477133322476898e-4	0.00561945275983404	-0.160312	low
79121	1.2807281017651489e-5	0.00105097214923804	-1.53136	low
13168	4.674485763608242e-4	0.01471361008933263	-1.53136	low
506291	3.394823087590422e-7	2.8485564939966673e-5	2.507887	low
74928	5.876784398398734e-4	0.02272727272727272	16.60395	medium
424523	0	0	16.3584	medium
439482	0	0	16.3584	medium
740891	4.4428752682758734e-7	2.545274062384667e-5	-1.649738	low
6220	0.0025896629687478514	0.03935784567581564	-1.29785	low
163596	7.455534117285858e-6	5.178663904712584e-4	-1.29785	low
639756	3.644438386577971e-8	3.4257720833832925e-6	-1.680906	low
302968	0	0	16.3584	medium
654375	1.8796334631241096e-7	1.4242782469983337e-5	2.507887	low
150730	2.7262152861920212e-5	0.0025626423690205	5.295265	low
225531	2.327966169525004e-6	1.4459224985540774e-4	1.899612	low
732005	1.0477159164392078e-7	9.848529614528553e-6	1.325833	low
612815	0	0	16.3584	medium
165998	1.3404543446924747e-6	6.491820306413918e-5	0.10149	low
256097	9.888576594681807e-7	2.6259125045953468e-5	-0.160312	low
571714	1.0359287723000935e-6	9.737730459620878e-5	0.10149	low
577086	0	0	16.3584	medium
309018	2.7345782300862352e-06	1.9561815336463224e-4	-0.479225	low
90598	1.117409576423552e-6	1.0503650018381388e-4	-0.160312	low
88033	7.666329974087463e-6	1.9047619047619048e-4	17.627142	medium
485230	0	0	16.3584	medium
183608	1.0515181189866306e-6	4.2728347409950005e-5	2.507887	low
76484	2.0220795463739335e-5	5.659309564233164e-4	16.8858	medium
48132	1.3948861345933861e-5	2.891844997108155e-4	1.899612	low
215019	2.9607411005506873e-6	2.2289917527305148e-4	1.48885	low
89570	3.6866089909604767e-6	2.8885037550548814e-4	-0.160312	low
695929	1.9677230453426357e-7	1.8496596626220776e-5	-1.53759	low
541521	0	0	16.3584	medium
545526	2.0954318328784156e-7	1.9697059229057105e-5	1.325833	low
108609	2.4413609097493422e-5	0.00178571428571428	-0.80475	low
141899	1.8116646361738063e-6	4.407616361071932e-5	-0.585333	low
84898	8.140508693946154e-4	0.04761904761904761	25.607735	high
663005	7.904226073512464e-7	7.429972509101716e-5	1.48885	low
183720	1.5702756609331263e-6	1.3129562522976734e-4	-0.160312	low
455674	5.587047882117759e-7	5.2518250091906935e-5	-0.160312	low
806101	1.5151896244663125e-7	1.4242782469983337e-5	2.507887	low
323029	1.3076253121140603e-6	1.1019040902679833e-4	-0.585333	low
41634	1.2036368349906477e-4	0.01131418624891209	13.04322	medium
268300	0	0	16.3584	medium
5064	0.005403068813039534	0.21195652173913043	-0.405775	low
518090	1.453319381467266e-5	0.00136612021857923	0.73159	low
320230	9.734071557206341e-7	6.524114759178614e-5	1.365705	low
115747	1.3903905189332736e-5	0.00108695652173913	-0.405775	low
219502	0	0	16.3584	medium
488329	0	0	16.3584	medium
63157	4.472444574254904e-5	0.00217391304347826	-0.405775	low
260145	0	0	16.3584	medium
596134	2.3444767878042194e-7	2.203808180535966e-5	-0.585333	low
379161	4.545568873398937e-7	4.2728347409950005e-5	2.507887	low
90330	0.001472170871085574	0.13157894736842105	27.558763	high
363817	1.2939485851964657e-6	5.9091177687171306e-5	1.325833	low
227544	2.6894565918578902e-6	1.9377028532674515e-4	2.496125	low
536014	5.587047882117759e-7	5.2518250091906935e-5	-0.160312	low
162391	6.487295446161882e-6	3.825920612147298e-4	1.457935	low
76555	1.0267304249994214e-5	4.868865229810439e-4	0.10149	low
17964	1.7758617925542626e-4	0.00299354025523869	-0.160312	low
407601	1.6127909644746416e-5	0.00107991360691144	14.31916	medium
28353	1.2718146281768476e-4	0.00315291644771413	-1.53136	low
729946	1.9677230453426357e-7	1.8496596626220776e-5	-1.53759	low
161791	1.03603497744425e-6	4.8930860693839605e-5	1.365705	low
46460	3.898526125021695e-5	0.0018796992481203	1.899612	low
292764	1.3967619705294399e-6	1.3129562522976734e-4	-0.160312	low
596619	3.1431477493176226e-7	2.9545588843585653e-5	1.325833	low
327900	1.378870321621409e-6	6.491820306413918e-5	0.10149	low
576976	6.394956692581953e-7	2.203808180535966e-5	-0.585333	low
410400	5.736669492047646e-7	4.407616361071932e-5	-0.585333	low
232829	0	0	16.3584	medium
324291	3.5979464839014104e-7	1.4242782469983337e-5	2.507887	low
289650	1.8796334631241096e-7	1.4242782469983337e-5	2.507887	low
63541	0	0	16.3584	medium
52574	0.0014663402131704147	0.04545454545454545	26.313595	high
22226	3.9199206699381005e-4	0.01113585746102449	1.9034	low
22663	2.262230589663976e-4	0.01559020044543429	1.9034	low
10722	3.906746233493173e-4	0.01760745727602278	-1.29785	low
198267	2.120389667038234e-5	0.00199316628701594	5.295265	low
59652	1.1953629497748867e-5	4.544274214489743e-4	0.10149	low
541094	4.436957430338296e-7	3.245910153206959e-5	0.10149	low
232084	3.4837095751231843e-6	1.9408682150481984e-4	2.5694	low
232617	7.595101912588282e-7	4.844257133168629e-5	2.496125	low
147608	0	0	16.3584	medium
674671	0	0	16.3584	medium
182557	1.0036130068245681e-4	0.00943396226415094	13.874505	medium
133679	3.7424661786226515e-6	2.4241889985895628e-4	-0.585333	low
578375	0	0	16.3584	medium
174622	1.1563367252543937e-5	0.00108695652173913	-0.405775	low
76751	0.0011025327855176883	0.04093567251461988	24.778725	high
14215	3.0613522880232325e-4	0.00465003526093088	-0.585333	low
614708	4.688953575608439e-7	4.407616361071932e-5	-0.585333	low
117307	1.6621377283414729e-6	7.429972509101716e-5	1.48885	low
133890	1.2962242838360745e-5	0.00121845082680591	13.04322	medium
185315	1.1048826960851144e-5	5.091649694501018e-4	10.876965	medium
1918	0.007266227675181174	0.14433635755081112	2.507887	low
193957	1.0203443684527912e-6	4.407616361071932e-5	-0.585333	low
320504	1.416062481120085e-6	7.877737513786041e-5	-0.160312	low
326989	9.455581585455671e-7	8.545669481990001e-5	2.507887	low
470869	1.712749199986912e-7	9.248298313110388e-6	-1.53759	low
545918	3.8347176467315283e-7	3.262057379589307e-5	1.365705	low
117133	6.511465158099104e-6	3.7149862545508583e-4	1.48885	low
251529	0	0	16.3584	medium
196990	9.62519024204214e-7	6.491820306413918e-5	0.10149	low
125137	0	0	16.3584	medium
692071	5.138000728863099e-7	2.6259125045953468e-5	-0.160312	low
21039	0.0030864811408066076	0.203551912568306	0.73159	low
294416	1.9342359767891594e-5	0.00181818181818181	27.635025	high
167	0.33047115723150033	0.9972182730682928	-1.680906	low
538018	0	0	16.3584	medium
471692	6.570909404789076e-7	5.2518250091906935e-5	-0.160312	low
697600	0	0	16.3584	medium
580015	4.190863665756831e-7	3.939411845811421e-5	1.325833	low
389391	6.058256191537827e-6	5.694760820045558e-4	5.295265	low
93778	1.6406206158047052e-6	8.90700741679656e-5	-1.680906	low
428689	1.0477159164392078e-7	9.848529614528553e-6	1.325833	low
287845	6.299639527258251e-6	5.178663904712584e-4	-1.29785	low
93432	0	0	16.3584	medium
292444	7.406995907634761e-6	6.962576153176675e-4	13.04322	medium
385103	1.1096585241633709e-6	6.611424541607899e-5	-0.585333	low
190871	9.576110624154435e-6	5.178663904712584e-4	-1.29785	low
306661	1.1476334264143045e-6	3.646308113035551e-5	15.014	medium
784948	0	0	16.3584	medium
604351	2.7935239410588793e-7	2.6259125045953468e-5	-0.160312	low
81780	4.9997222376534575e-5	0.00469973890339425	13.04322	medium
160364	1.2962242838360745e-5	0.00121845082680591	13.04322	medium
291561	0	0	16.3584	medium
244723	1.2205204361496468e-6	4.407616361071932e-5	-0.585333	low
338746	3.176088375408489e-7	1.7128860416916463e-5	-1.680906	low
319205	2.579237876464054e-6	1.2939121433654655e-4	2.5694	low
261773	0	0	16.3584	medium
28474	6.264006066648609e-4	0.0303030303030303	15.181967	medium
485203	1.0477159164392078e-7	9.848529614528553e-6	1.325833	low
92870	1.5702756609331263e-6	1.3129562522976734e-4	-0.160312	low
33762	3.402696702424162e-5	8.172969760011888e-4	1.48885	low
160733	8.38057182317664e-7	7.877737513786041e-5	-0.160312	low
38868	3.1431477493176226e-7	2.9545588843585653e-5	1.325833	low
444916	1.0036130068245681e-4	0.00943396226415094	13.874505	medium
268780	1.2523056459593685e-6	5.2518250091906935e-5	-0.160312	low
186058	1.688703314869999e-6	1.4242782469983336e-4	2.507887	low
67285	1.5460824332873e-5	8.542141230068337e-4	5.295265	low
430546	3.9354460906852714e-7	3.699319325244155e-5	-1.53759	low
166481	3.702797970330132e-4	0.01886792452830188	13.874505	medium
86790	1.5463036576264418e-6	9.78617213876792e-5	1.365705	low
108712	1.9765743242611562e-6	9.564801530368244e-5	1.457935	low
344611	0	0	16.3584	medium
154806	1.8716143919928694e-6	8.323468481799349e-5	-1.53759	low
533273	1.6814264287976827e-6	1.4532771399505885e-4	2.496125	low
96238	2.1260093289059975e-6	7.429972509101716e-5	1.48885	low
657516	1.8802223174868195e-6	1.7674089784376103e-4	15.9708	medium
125153	5.4001512042337127e-5	0.00507614213197969	19.32335	medium
392381	1.1018433839813936e-5	0.00103573278094251	-1.29785	low
300098	6.514150468983005e-7	3.245910153206959e-5	0.10149	low
365622	4.784931402883717e-7	2.545274062384667e-5	-1.649738	low
62578	1.5660024551998786e-5	5.178663904712584e-4	-1.29785	low
276132	1.9980786129769287e-6	1.4459224985540774e-4	1.899612	low
